5
1
-1 3 2 1 -1 -1 9 -1 -1 7 14 -1 18 11 20 21 -1 -1 17 -1 -1 16 19 -1 -1
-1 8 -1 6 -1 -1 4 -1 10 -1 19 13 3 -1 25 -1 11 20 22 15 -1 -1 17 -1 21
11 9 19 -1 -1 -1 24 17 21 25 -1 -1 -1 23 10 18 -1 6 7 5 2 13 1 -1 -1
18 -1 -1 22 17 -1 -1 -1 13 14 5 7 6 -1 24 -1 10 9 -1 2 11 25 -1 4 15
-1 13 16 20 -1 22 -1 2 15 23 17 -1 1 9 -1 3 -1 19 -1 4 -1 -1 -1 7 10
-1 6 8 2 -1 -1 25 -1 -1 1 15 -1 10 -1 19 24 12 18 21 23 13 -1 11 22 -1
12 -1 9 -1 -1 4 -1 23 7 -1 -1 -1 -1 16 13 -1 -1 25 -1 -1 -1 -1 21 -1 -1
-1 -1 -1 11 -1 -1 -1 -1 -1 -1 7 14 9 24 -1 -1 4 2 8 -1 -1 -1 5 15 -1
-1 15 20 21 4 -1 18 -1 24 -1 -1 -1 -1 -1 -1 -1 -1 -1 13 19 1 7 -1 -1 12
17 19 22 24 23 13 15 11 -1 -1 25 -1 12 -1 -1 20 7 -1 -1 14 6 8 -1 -1 -1
-1 17 10 -1 11 1 -1 3 2 5 -1 -1 -1 -1 14 -1 24 7 -1 -1 19 12 13 18 4
-1 20 6 -1 16 9 10 -1 -1 -1 -1 -1 -1 -1 -1 2 1 -1 19 11 3 22 14 5 -1
-1 -1 15 -1 -1 24 17 -1 -1 -1 21 -1 23 1 2 22 20 4 14 3 10 6 -1 -1 11
-1 -1 18 -1 22 -1 13 25 14 -1 6 -1 5 3 -1 -1 17 -1 -1 16 21 -1 7 -1 8
-1 2 -1 4 -1 21 6 7 22 16 10 -1 -1 12 -1 -1 13 5 -1 9 24 -1 -1 25 -1
-1 -1 4 3 6 5 -1 -1 9 -1 11 12 15 18 22 -1 -1 -1 23 -1 25 21 -1 19 13
13 -1 12 8 -1 -1 1 -1 17 -1 -1 2 19 14 5 6 -1 -1 25 -1 -1 -1 -1 3 18
10 21 -1 18 -1 16 -1 -1 3 20 -1 -1 13 25 23 11 -1 14 4 12 -1 -1 -1 -1 5
-1 5 -1 25 24 6 -1 18 12 22 -1 10 16 17 21 -1 -1 3 1 -1 -1 14 -1 -1 2
22 11 14 16 -1 -1 21 -1 -1 13 3 6 24 -1 -1 -1 2 15 10 -1 -1 17 8 -1 -1
3 -1 1 17 -1 -1 5 -1 11 -1 12 -1 14 10 15 -1 -1 -1 16 21 -1 -1 18 13 24
-1 -1 -1 -1 -1 -1 14 13 -1 3 18 -1 -1 19 -1 -1 5 -1 20 -1 -1 11 25 21 -1
9 -1 24 -1 15 -1 12 8 25 -1 2 11 21 22 -1 -1 6 10 -1 17 -1 19 -1 -1 7
20 18 11 13 5 -1 -1 -1 19 17 9 23 25 -1 -1 12 15 24 2 -1 -1 -1 16 1 14
19 22 25 -1 -1 -1 20 -1 -1 -1 13 -1 -1 -1 7 -1 -1 11 -1 1 17 2 -1 -1 6
