5
1
7 -1 -1 -1 -1 -1 -1 6 -1 2 16 -1 4 20 -1 -1 -1 -1 -1 -1 -1 19 12 -1 21
-1 4 -1 -1 13 7 -1 -1 -1 8 -1 -1 -1 -1 1 -1 -1 20 21 12 -1 24 -1 -1 -1
-1 -1 10 16 11 -1 17 4 -1 -1 5 -1 19 -1 -1 -1 25 -1 2 -1 -1 20 -1 -1 -1
-1 -1 17 -1 15 -1 -1 11 -1 -1 -1 -1 -1 12 -1 -1 -1 -1 -1 -1 -1 6 -1 8 4
22 -1 -1 -1 21 -1 -1 -1 -1 24 -1 -1 10 -1 -1 -1 -1 7 -1 1 -1 3 13 -1 -1
-1 5 -1 -1 18 -1 -1 -1 -1 17 -1 -1 13 9 -1 -1 -1 -1 -1 -1 -1 22 -1 -1 -1
-1 16 9 -1 -1 -1 3 -1 -1 -1 -1 19 1 -1 4 -1 23 21 -1 8 -1 -1 -1 -1 -1
-1 -1 -1 17 -1 16 -1 22 5 -1 -1 -1 -1 23 -1 -1 -1 -1 -1 9 -1 8 -1 -1 18
-1 13 21 -1 -1 -1 23 -1 -1 11 20 15 -1 -1 -1 7 -1 17 -1 -1 -1 -1 1 -1 -1
-1 -1 23 -1 24 -1 13 -1 -1 -1 22 -1 -1 -1 -1 6 -1 -1 4 -1 -1 -1 -1 3 14
13 8 -1 -1 -1 3 -1 -1 -1 -1 -1 -1 18 -1 -1 22 -1 -1 -1 -1 14 -1 -1 -1 -1
16 -1 -1 -1 -1 -1 21 -1 -1 -1 23 -1 3 -1 -1 -1 -1 -1 12 -1 -1 15 -1 7 6
23 22 25 5 7 -1 8 15 -1 -1 1 11 17 13 -1 14 -1 -1 -1 2 -1 18 -1 -1 -1
-1 18 -1 -1 3 -1 -1 16 -1 5 -1 -1 -1 -1 -1 -1 -1 11 -1 -1 1 -1 -1 9 -1
-1 -1 6 -1 -1 -1 12 7 -1 -1 8 -1 -1 15 -1 23 -1 -1 10 -1 24 -1 3 22 20
2 -1 1 -1 5 6 -1 -1 -1 -1 -1 12 -1 14 13 -1 8 -1 17 23 -1 -1 -1 19 -1
-1 -1 -1 -1 9 -1 -1 -1 -1 16 -1 -1 -1 17 19 -1 5 -1 11 -1 23 -1 -1 13 -1
-1 -1 -1 13 -1 5 15 -1 23 -1 -1 1 -1 -1 -1 -1 -1 6 9 -1 -1 -1 24 -1 -1
24 15 -1 -1 17 -1 -1 -1 8 -1 4 -1 6 -1 23 -1 3 -1 19 13 2 -1 9 16 7
-1 -1 22 -1 -1 -1 -1 -1 12 -1 -1 16 -1 -1 8 -1 4 15 -1 -1 -1 -1 -1 -1 -1
-1 -1 -1 -1 6 -1 -1 5 -1 25 -1 -1 -1 -1 -1 -1 14 8 16 -1 19 -1 -1 20 -1
5 25 -1 -1 -1 -1 4 -1 -1 6 -1 -1 -1 16 22 24 18 19 -1 11 17 -1 -1 -1 -1
-1 -1 13 -1 -1 -1 -1 -1 -1 23 24 -1 -1 -1 7 1 -1 -1 20 -1 18 -1 21 -1 -1
-1 -1 16 15 -1 12 -1 -1 -1 -1 -1 -1 -1 -1 14 -1 2 -1 -1 17 -1 7 -1 -1 -1
17 -1 -1 -1 19 -1 11 -1 -1 -1 3 -1 -1 -1 -1 -1 10 13 -1 -1 -1 -1 8 -1 2
