5
1
5 -1 -1 -1 -1 -1 -1 2 12 -1 -1 14 -1 9 -1 17 -1 16 -1 -1 -1 -1 -1 21 -1
-1 14 -1 6 11 4 3 -1 -1 5 -1 16 -1 -1 19 -1 22 -1 -1 -1 17 -1 -1 -1 13
18 8 9 -1 -1 15 10 -1 -1 19 3 -1 21 -1 -1 23 -1 2 11 6 -1 -1 -1 -1 7
-1 -1 -1 -1 19 -1 -1 23 -1 14 -1 -1 -1 5 -1 -1 -1 18 3 -1 -1 -1 -1 -1 15
-1 -1 -1 -1 -1 17 -1 -1 18 -1 -1 -1 -1 11 -1 -1 13 -1 19 -1 -1 -1 -1 6 2
-1 -1 -1 -1 1 -1 -1 -1 5 -1 -1 -1 6 16 -1 -1 23 -1 12 -1 -1 -1 -1 19 -1
-1 -1 24 -1 -1 -1 -1 -1 10 -1 -1 -1 -1 4 -1 22 -1 6 -1 15 -1 18 -1 -1 8
-1 -1 -1 -1 -1 -1 -1 -1 -1 13 -1 -1 9 18 -1 -1 -1 -1 8 2 -1 -1 7 22 20
22 23 -1 9 13 -1 7 -1 -1 8 24 -1 -1 -1 11 -1 -1 -1 -1 -1 -1 17 -1 -1 -1
25 -1 17 -1 6 -1 -1 -1 19 -1 -1 -1 -1 -1 8 -1 24 -1 4 -1 -1 -1 3 -1 -1
-1 -1 6 -1 -1 -1 19 -1 -1 25 -1 18 1 -1 20 -1 11 4 10 -1 15 -1 13 7 -1
-1 2 -1 4 -1 6 -1 -1 13 -1 -1 12 -1 -1 -1 16 -1 -1 -1 21 24 -1 -1 23 -1
-1 11 -1 -1 -1 -1 -1 4 -1 -1 -1 23 -1 17 -1 -1 -1 -1 24 -1 -1 20 8 18 -1
-1 20 -1 24 -1 5 -1 -1 -1 -1 -1 2 8 -1 -1 -1 -1 -1 7 1 -1 -1 21 3 -1
-1 19 -1 18 16 -1 9 20 -1 -1 -1 -1 11 7 24 -1 -1 15 -1 -1 -1 6 -1 -1 4
-1 -1 -1 -1 -1 -1 -1 -1 6 9 -1 20 -1 -1 18 10 -1 11 -1 -1 -1 22 -1 -1 -1
-1 -1 11 16 5 10 15 -1 3 -1 8 -1 -1 2 -1 -1 -1 -1 -1 4 -1 -1 25 -1 -1
-1 -1 -1 -1 23 -1 25 11 -1 -1 -1 22 -1 -1 21 -1 6 19 16 18 -1 -1 -1 -1 1
-1 10 18 -1 -1 -1 20 1 -1 21 11 24 4 14 17 -1 -1 -1 25 -1 -1 -1 -1 -1 -1
15 25 22 -1 -1 -1 24 -1 -1 17 1 -1 -1 -1 -1 14 2 -1 9 8 4 -1 -1 -1 -1
3 -1 1 -1 -1 -1 -1 13 -1 -1 21 -1 12 -1 -1 15 14 -1 -1 -1 23 -1 -1 10 -1
-1 -1 -1 -1 9 16 -1 -1 -1 -1 -1 -1 -1 20 -1 8 10 1 -1 -1 -1 -1 -1 24 -1
-1 13 -1 -1 -1 -1 -1 6 24 -1 -1 11 -1 -1 -1 19 -1 -1 -1 -1 -1 -1 2 25 -1
-1 -1 -1 -1 -1 -1 -1 -1 22 -1 -1 -1 -1 23 -1 -1 -1 17 -1 25 -1 8 -1 -1 14
-1 -1 -1 -1 -1 -1 14 -1 -1 -1 -1 8 -1 -1 4 -1 -1 12 -1 -1 -1 15 -1 -1 -1
